$ANSIBLE_VAULT;1.1;AES256
64633562316132306439646562663537363130653365316331366662646164626536646162333037
3033343466323536653737396331363933393366346562620a663565643364323066646261613266
37623763613038393436313334636234306233323766373835353566316539373036626365393964
6431623366616266380a316639333330623961386438376237326535383834613561643935396637
35333933343436653461616232626432663333313864326261626363666538303633646432393437
63316265636239663234313838303333303133653437663232386633353736643639393531346437
31316162613063626436333866363735306133353531663666323835653832346133663035356465
64323362343435373930353631626365326234633731653836323232653831396537346465653833
30383333366566636262363538343336616362343930333335376165663634646532353938303131
65303438623363373037393738616135343132643335633962323831313131383639643665303764
36386539333631393962656336613864666561346566616136366364363939333236313737346161
61633037366437316266313665363338653266343732363465323536313135303835316563626135
63363761383236373966366336336135336461663763363965303163343366656132623766623633
38626133353936396161666665373732363934373931383433366531613937613738303135383833
64656363333331626237323032626365613532366230343830383632313263616433333666363632
32633533323837313231663662316230373731633732313632333262616632393534666533666638
39366561373565303034663131623437613532663034633961346461326161363836383232336235
33306236316138326533376435623865396137316363353739633363303630373432623435663562
37383236313330636238356137653839346462316664613830373636323666666130323932356565
62356464306633393266643835346337346663376239366139653466633664343565646135643862
31633537326432316533353866633133623031376433333933666137366237646437333132303836
63353734666438333563656561356135326562626437333030306137663935633830393838363137
61366131343533323038313966646162333039343633653962373433646461613431653265306339
66623430653263356435353935376331376631646432386331316632636461316663383064313362
30373931306264663662656132613737386432326435656539336432373934636365346565396536
38663864383566623865336232373436613363633535356433333665323936343833613431613435
63396237326561373231363862366464303262636632626562643735383435643038663634306438
35376436616134343539343465656564393962393434663834386666613134386361616334633865
65616363363438613761613162623538386131373036616435343934333166643537326338303365
32346461646438306363313838386237346162643838393666653037653364333461326135626435
37303836376162383431366532343234386338666166623962303435323132643961636633643264
38323433393264363064343132656236386137353965363531333866343730626663643831653135
33623038343233373863376664616562333137373465636666303936353864383764346639633663
63303532656132383439326435623330306632343038633436653737343937633433353263666136
62303566343264386533333430343563383932666531656163643661393530323934363731373539
32623631613265633161343363386536616633636637643962353739623562616661313661386132
62393733376264373832383266383964353565626636346536656664636130353339313339643764
39396634336636666361383235363537633738313437363233613063366433646130653335346463
61393661633861376637653433613030356338313934626134356432316330353061323434656361
35313063316537363865373538383936626364353161313938393065613961333162326563313232
62663162343632643033666437323266623136356530366462343931363464396132373136393937
39306432303937346263653065373566376537646232353434313630373566633165386331333731
30316139353063623431376533316130623230636437613934613135653162393837323730633463
38336265393035353663636462383035343539653564363964326365313462303862353431653964
61343862323538386336353862653932333238336263333664366462643565666366356437313566
64616238336262303836656563316233623563373034316137333761393735396137333765326533
65343037653339393633623365363538306664653137633132386464343562613439353830363030
36313630363438393962653937636530376336383761633830306636643836643064323231393164
35376334376264393062643963313731663665356364353432653431666361666132623866373534
62363666623330663933316437623431623864613764626665383664656136316166663362323439
61303237373532326464653762393631626665393834643931656631616265333036643637623662
37323235373833313439376363303635666333636465373362656436376634323536393039646138
38306138323831363935633537336461373362653565363634393031393761333364393530653863
30323731393233663832636161393561363361656530616666616161626361643164306663356433
65303231326133323737333765343131323039383539663338393236333332306233313136646330
64666361393134373239356432653135356536656531303037356139366364306430633263353531
65366166366462653835306137653138353537363433383936656633616662376135653233333838
32386132316264356662376161646366303662333733343838306262363037383134376535303565
39343639343136656263653432633466643462373834656130653237633838383536643262323066
38316363663530306332623538306130326337383265356461383035386665613163643939333336
34623861613938653636623533356233363433616635356334376464336364376635383633303266
65626136323136646533623931616432393136386134386162363463366462626634633038663538
36663539663631653231383137353031653561343361613037643662323332636430613635623232
63613463393463326663336666343965323737646133326538626561303066343339356265393034
32383765663061623065646639633866643061623531313031303739643062363030616636343765
32623837386530613064363866363365396534366166643535313630613035613366646261326432
38636161653933373031633864376164326236653034636439386534323231393664376630333338
34396437373066646562343233303736333038313432633830313465646337303334363131613333
30383633653135633035383461323666643335313637616137303032353262366365643734313835
62303239353432616434393530666437613035393532376431316232376266393730663966663231
36646238643631346261643031626364373630643639666435376362646464323033633865656230
33363830663837353434613863363637353235343530373633623839333432373230653437643335
39333037653433313666353462363065373633346361613238396266353763633633333234323864
37316532333730393330343637373063396231373261656630626537623433633866316132633937
62616266633838663835666666306237653464353963353365313736363132393064396535653135
30346333396661393532306663633537616539316233356433333364616362643465303662663835
65346135663034643934336365393632353438333562333465393536343431626236396236316533
39376162636330613832363462303661636238316132616266393036376665653030323766396334
32353333316632336562323937616461386330306232656434376538393130336630623031616363
37616339656139376564393939356239613537663332353731383231303065613933643838303733
33333032633736356334303631346362363537313433353235326635333937393062653130623437
66313664623530356562643662396662333635323331396432643835366366356231363531613635
62343466313135353830373763616465373535383935373230396261353134316435306635303534
63363031626663393030313833613363363635323561353830303363383832656166353439633162
36656265626134646534613163393735376630306661343731313166303563366339663136623138
38623631653936646135336561333432396137353938376236393039383338313665373038393864
30346463373531626332363437383561363335623364633035393564623233343561626337383965
35653033386264656462376432343235623637653032346134393336303265333836313461633235
34663266316534353561316532353531303736326463386436666532323232663839386565333265
35336338626363346363346231653136646239663664326334343564653534636162346539643532
34376536613364366162313965343337373838656261313535373735363337306438646361633733
36323234613764393139366236613832613566376436363235383034343765346164373535323133
65356233316162626336316432353861303836363836633161653730613832656464333764306536
34646166616135353061353064333362306439626235373631653863626264633638306439623461
38363931333561623764653835313765643031366534316530363535343335383461376461613132
62316335313432386535613931383033306535343363306338303162363137643130643566633333
36336434613766363262313266633732303534386566393134363437336661343736396362653031
37393766383237373362366262623762343735623565653631303437343865303438336335313263
65663634346138643261376634313836643336663361393833303562643761376139373839336435
65616236333237303262343839653531666562636639376531366465653266383265646162336665
30643832643162363064353932333235326463396365343632313865613032373730623237383930
64353436313062613130336336393736663830313534396639656438323438323432643865643739
36313866346333343064333234343933333731313631613835316635613066336263386365313438
37376362613237366366653834636632653861623339326338303765346137386361363933643534
36653031633239663062613330386633636137303265356630663762643864656539303962313035
61383739633331353866306131393639363332303433353536343036653436653566616363346437
66393139343664636263383832396430323061643662653365353163356138646437316235323639
35303134393933613166633434653735666261393631333439373732313735333164613631363965
31356264623537323364306266303136376133643438653435366631373762386563613333363534
37663662323865353138393139646137656431343166663230356337616634303339363332623233
32303838616335616530653566643661663136333831616337353537646463663938303335346631
62383030633561326166326361643862343537613362636334373335663830353635363161333565
34653232303963613664643839616366363261376539623538333064313938653066646133653263
65643030353431323961343965653463353230316165363334663930326566663836306632663837
35336339393634333463353463393630366434336230316165383265656365613034353833306631
39396238613166613162636530306635316439313337343262626535353237636364333234373636
37353863376436373739306436313432323565643838646635613963373363343335653834373737
33396366366431323834613736613461643163353639343333323431613266643262376130623739
31323233396236623939663562353234366635383833623465386437386633653936316635336438
63353534323864623836356539393439346464386139326663623335633961323131633565353134
63633433346532396639353537366361373164346533373738373963373136656638363064383831
61316332363839313763643439653834646539373466313536303834613035366166663862643331
38333462623032343730363466366566333532306265316234323439656461653336643563336461
33353138616366653736316237656465386433323462303863343061343936346530366435626131
31653366383831326130656439343962363764613835373737333632623461376432396534383363
35663565643339316162633761363933373339643939333664663035356265373366313535343938
61636332616438653435346664353465356165636130333464656138613436656166643865646664
61303631623631666430346532633533366230666335323434353665353739646266626532613637
65663236336163633835623336616331393530616231363432626661356236663332313635316333
33326238623332666566303166616233363561383266376134316131303861343165616339663238
30643936306632636634393831633765386639383639336665303961663263316539393164336130
35663836393833653130643435366631376530303165623565663039303161326337373430353861
32653763653764663936653135326634363330306335343461626265616634376539666163666539
32323138633730653663353139323131383831346431313435616337346638303537363963386235
64613164333964373434326539303334303831333734383237343334373364623735326637386564
30393538643762666237376430323364393636646534663830346665653937656262386562613135
35343666336331343134613763386236346366323461663438313137313434623536333361333334
35646532623464386565643661356436363631636163373964343762643763633164333935616134
39613339303432333935643636386433326232343332313733326639303461653338613863386262
63323961396639643464386132626133383131393262333937383736633865666562396465656662
30643864316263636464393036346432613231396338666163626361666430393036346364393838
39613261326665316266373438643132386166616561356233313664333565313433366662343062
33623538353866656631653464343064343261386434653664613765363130613237643537653263
37363365643563363638636634336231613064303831326631346337366136343838376330373731
34313765316137653335356462383531656262616163396530373733386334636433376231656261
33323262313331356435623331643238666637376266326433613262323962366231316265366234
66386462363562316435633261353333306439383035393735623037333138396437306435393562
32323766616632343631646330306661393664616138323264386437316464353238383430363637
64613334646563653334386366323530303763363136353230616365346133373630656337396533
61333264656261646163316134326165366638326135363636326139316537333961666334663238
33353935633135393630653830646139373563353565646339373966326330333930303665353431
36396432393039313962643332613334656137343461623366346335663332346364306465633061
37643636346232356366363432666464383834643666313362613633623030363333643265623130
35343832363633353265366233353638653232303634653465323137633139303663373165343732
31333465383736343764336164366232643837396535303634323064363938313963376265623235
36656234636561393539353461656566363663373765303762373661383539336461363662626639
65306239393934626631643166663834306538666263616163393366333737636465306336616636
63366136656662383533383338663035363130313430386636346135383362346132653637396337
34383565303233373966363962336566313762393030353866653936306137656631396661363362
38393732663065343761343333646630346535393638663164633031333465666632636638643730
30353761376461313664653562393666333364343035636266326231363233323930663066346261
33346331333731373833666336313535346233386436653861343865343639373239663465313735
64356361643933373533363135356366383636353362303032653566636561363932313637646462
39306436343138303639333532623261666433383438623639306230316161356235653361316239
61613235396435623336316237653934663366343162653535653734363339326430623335656262
30643139616233663834616435376466353735643663376139623831303162633436653434353662
32303361636162633935346537376463386332323431363164356237393566373364373938636465
66633565393861616433653233306536376334353964386238376162333863613433356666353038
36313532363634343037363039626630663335306336633139633138356439626163346536393963
38373830363232376136623061663764626330393233333764313030353365653763613566616366
35623933333834343038656635373265666166623134646130393561303734373039613963336264
36636263306663313232353039653536333665653061626232376562666438633563653330346366
35316464316532653232313532393231373430316634326632313238306464356239666564363235
35306166323664646634653036366432393466373733653538386364313932366464393361343434
39633266646562376465643764386239373238326134643237383730386637303535643362336163
37666366656138313435346338616362343431313661386237356462343631663665303233633831
65383166656139353561366432653361386465366532656563396134393633323265356635376566
64613833646135326538653935666362663134306431646266643738386562316161656330353166
35346132653934303738306637333734306437373638313664323034316536323632646665623836
61313363363263386531383833383439343763376331623038323632323936333463363534383639
32633865626336376661316163323764366533396236343939626463393234666565336663616132
38343963623335613864653438396338363339326661656162613365653639306561363631643238
38393933333939656633626332333435343139366161363462343536623736353435373232653634
65656639663531326266336364373364383964396366656139646534306630313665626338636664
37616332396561666434613066653936633964303330653630396463643661623038323661343931
30366265653136313131383533376538313462323231356565646266383237383137663733303838
37613366326232633865363061663537303861616335313336313461306631326332633339643331
38383864663266336562653136393631393635373737373731613631643534386662306666653238
39663030343134386530383134393538376630626331643164626238306339303064366334613832
38313738646666343966633830303833636431306362393331636161636666613639393465323234
65383230313265656539363531656562646135393833313331323730643135356230313363306130
64323539323432383234646163303532353839326439613731646534393530613237633163326236
61336162396532376638303534663236386366386230653031323532656332663931373733353065
34623765666337336635326230386564346565363836633261386466656133613763646130666162
61313136386138363466333062663165666164643538383036323638643465396230333766373030
66636534376466386137623937306638323838646466666662623463666337393132303133313236
66643130363864633763616330636562323630323330333030336339626531613964343230363130
63336365353430376663643166336132633231353966663031373162336535613861623230326633
37323032663935353138386162623835616237643531353466323966356331613433633062363338
35656531623261656432333364633939316362353566383031356464663038336539643039346530
66633231316531323331633462383137366236376337663262356661623966626638353865313430
37643234633435323062313565373336306637666635646136333561346533363765393234623031
65633736363932313935643261643935383035613332633632383862663034333664333533613333
35393162643164366332383233383166313432613563626431366331326234353362303637666263
31306630306265313165366437363036376538323233373664623337623663626531633165303634
64353664326266393533643237613364363833613665393537373664636364336264353863643939
64366663633565643436396263393363356338636462653332653531396464666562366131663633
39383035663862636632326332363438636132666364366436663937366465393535653463333665
66323566306432323866383161633566346537656565363532353735353235383135393637373839
33343636656538663836636331336435636532356437393839363063623333393862636663393439
61386534636434633564363166663130643461356561386132636534343765303639303032626632
64323838396430636561323333653464376333333933356365333737656638306538356432646662
39333532313531313365346264633739643061366461363864613436323938623636613238326436
62393462343937343065616138343835653431313430313461303337306361623033623565326163
66623033613662666266663630663035343930346532333262376237663838653131663035323532
66636463356231306264643364383364616435326262373939313730663961656337343532613535
65316231613839643365393832326638353961363336643633393831653763366365613135303232
36343935643133313630383832316366363864643864646430323263363539393663333738363664
30393839316539613332353333623036393164323961383964323964636236313832343933306537
65376639366131313130353039323865396561386532353862396663633035343438353738663437
38653861333133646437336334656237353538663535366365343565333831353630656234613031
39383938643964333536613839353034663833333065636339396632626266643261633637323764
38623332363238316266643131626231326230333039343931316135373231616137336635616364
62653232393661366362636538306536613136393130373430626634366534383531666461303463
31643637626465373934306661346565623466653933633764383035316137363735333234323837
37666331326535303964323036343833343365396262343765643330623639326461323638346435
64653130323364663862643738383039653134303365633830303564633835663635616231366239
37613565343936396431396139383635343532636361393138373332613336326434363738376262
35643439326166616561653435643436393234363833623836386365666666383331616632633537
35323435666438633334373434636333653936326366346666393433376665653865373762613062
30313238633135343666323065326261373139316634356162623232303735376330393236306261
35383962613534303863656539336330346266623534356663326331313865613265373764656162
64303632643537666563636430646166303261343133623730373436366565326531633135396332
64623030636339363964313764653637373432396138363139613430393035353761643733393730
34396133663330646265356166613635616239316538333563326435373233386232336237376434
37383764323236643238396337336236336438383262323937643463313062653130643336356633
37653337393231653365343361646435343965333662643630653764653632646663363262316563
35623238633130353138323630373863653935623162323466313536363338313865383065343263
33646237653166366132363061336433656439386639643937383931333563633163336439613530
31326338646138613330336634636335336332323538336263663637333931373837333232653566
61363566656130316661613133396336343131336230646261646237376130623566316339313234
36376565316463656166623561653232633466666530623939356463306131316433613835356430
30363063396466653065383537623061646338343862333832666662633239643064303336636331
39376466386163346136303131326161323237323235376430653161313364393965636238636165
33373238306261663564663133343163306531323837643861643730663866623533303864363239
62323930363038656238323566633734636438313834333436366265383763306531373937643261
38336232653264623165386464666363363530316263333633333836313864623136393536313561
39306634393433626135373030353761383837313861313939353337386332616366616638363639
63376431643231386331633833643862616533666565343063663636666431653761373231366632
33366330613734626465653464316363373737326632643538313161323364393464376437396430
38336634376561656363313065373937613033363963353435613938643233333464366462396535
33643164333761613633663366633334303634326638636165643062333264303637393465663931
63366662663437333235383938616631653438353239636330623262323637663632616234326563
30383262366634623364356532353463323364383232663730376238366137303938663764373034
61303466323762396131356536656136383362656135366262653430383862663063316266376562
32623064306637626136396566363537383333643733373130346136623866616130373266633533
64653764363635303064373230353462373963316137306334323232363939313966616238393533
62633338393434343962623731376537666537656163306430316635376565333436626339346364
30643534663536373338373561656339356638316564346662663335666534363562643062356234
63643161323735646131303738356130313862353564643264663334623664623732373532353637
30623663313331643734396139376236626237616134313832343866353832623766633965336134
65656561353233346634346331353235353764353731326136303662633065333035663737333239
31613334663939356634356236363866346134303239323236666231653363383237363465316265
66376335616436383233306234343737383063386466363365626364626132393831623538343062
33386535303562303338363438333833386236653436356433346562313433643732333730383062
37663737663930636232613335363165383738336235306263323231636133363066306665373161
30373863373639373638316133363533343563613662663530656661303332393066616637646632
63316439633535633563663535623438376563653339623731363634626165356435613339336163
66643262303364616465646537323736616165663630656331613538343135336361326534333938
62326636393235623364303631313963346163343735643435643737363331326165373965313864
32303664326566616135383764633061373435383061666439623566323233303666636162343830
35666132626536626235393665363636393236646563616136636465316538653431363066616539
31316166636633326161636231613432656133643931646664303165626331306262306232353536
62633333333337303333386631323661666435356437396431666635643735616561383962666337
63393432363736343364616562343339343639633332646230316339393939326362616130653536
66633535356636383762613630653433323236356131643033386163383336626466396364613533
35663730613766376130666637343230643139633866653234383534646431613935396135323238
32393839373135313665363635343565316263333738366265386665306630633962643264303033
38343061363934646330396534633639646466666538633832386364633261623165656163633036
31386334306339376135633065326430646664643437653738363632306132666338333037326166
37653336353865303564633037383536316139363465636630373933313361666333343038303163
63343138393164643237633437333863643363363865623937626334633633343463393438323630
62326237343636653963306664313863613130396366333162346634373633356535383136373561
64323230373734376530333239386165643837303063373835643534653036636461386436363430
66636263666533663661623064313738656561623236366564346464633665626637393831333438
39353932336236396563326331346366356333336236356462613238353439653861386166383532
33663537613665316662333935376537313162643763643631613966303934353234653537356236
62353739353931313235326635633237383737643064643531613866613836653130653537663664
65363933373664663131346333396638323332666332366139633038623763613834643638666463
36333964623363356230656465613366333233303431616363393831353663313531666565373939
31376266346162303335366462376434386234366130366561356235383431396165323938343564
39336166336131303862343161663330363334326661366463666462366533393637333363383834
63613037366639356335323764376430306636393333653964623163376538313031306364343438
35653366656139646363323031653137656436613439303337363932336534323939336665633364
30396131323437333133616634333663633161623033376461333262633431313865386262333466
32626431386164363764636633326561666333666135393864333539393139313064353839396666
6538
