$ANSIBLE_VAULT;1.1;AES256
61633834616534343439633865303361633066326438323932623637656435353366363430346531
3162326237613730303339633364356232366662316164660a613633343631326565666165313639
38316165323737333830313734343238616533323462636330623035383837363861623932333431
3064346666303230360a643537616237343064663864383764393939336562323432623136343936
30636638616135613436663964366561643633386262356632323731643031613763386533613761
31646562623532646437656561633037333236346435656435646133396236633737353730363738
38636235663735656562633064393839666636356138366366663338613961336364636232363762
39356635386263303338376232653030383032626630343134363536313431343533363261346531
37303863613261663362343164343032393430663864366536626666633738386164393938653562
66313765323439303435646430343334663435353866643035306631616463333738393537363431
30383363633233636264326662343165336164373939616136643230366165313239646236653035
62623035353230653832376266663639376661353866656565326261613031363934336666356637
36633634653933373265666663313332326530396261613366316238313462316364326132626266
38363438396561663534643035386463323561643631393764323639616164373638656634383236
37383231616364663335663832363861383763623563303830336134393061643035313362643237
62626530333532653330316430663836663134626639316537626463336336306139626434383466
62633936313962393437366633386231643437356565336338646631303536326236333035363961
33626164333538643237663837313336633833373062396362343236633934643033663138373337
33343461336531326161373830366661623064626531333663613163613533633137656131303033
33386235663465653532376138353935656336636633656338306166366234663731383465396663
30383265653964313362353237643034653439326438616264376632636134376233643130346363
36306239343465363732646361393961303432363839306534663264363436336364303063373934
34376136313934636332363666653739383966633238363665613562613539333662636264333339
65653637313238353235656532366163653965313038346332616462323563353732616632656435
36366234313866623937393636633830353631366561636666366137663737626466333130383631
33383461643336316264373736343038323631663835663561336437336331353538666334626139
33613934393961643561356265346132633833633462636465323932663366383762393434333235
30316364316537323639663432363962376339666431653430313839333261333064336631613933
38313438343731656565666162346664643736323838636264386536366530353162
